1.117700e+00
3.023424e-01
1.249799e-01
7.021187e-02
1.454134e-01
3.680431e-02
2.274219e-02
3.198068e-02
1.839774e-02
2.893648e-02
9.264005e-03
5.948135e-03
5.201863e-03
5.811139e-03
8.631276e-03
6.960688e-02
2.866072e-03
3.484213e-03
1.609267e-03
1.832288e-03
7.207224e-04
2.895521e-03
4.051025e-04
1.807011e-03
1.892272e-03
5.898549e-04
3.165688e-04
2.490868e-04
1.020217e-04
3.975024e-04
5.622781e-04
4.850303e-05
7.394713e-05
2.781896e-04
5.696909e-05
2.127478e-05
4.462786e-04
1.111500e-05
1.859890e-05
1.126873e-05
1.873463e-05
4.211858e-06
6.279554e-06
1.903364e-05
2.846885e-05
4.098211e-06
2.228426e-06
2.276460e-06
1.532453e-06
5.510451e-07
3.543935e-06
7.389555e-07
2.851620e-06
1.669956e-07
3.101740e-07
8.041110e-07
6.136528e-08
