1.117699e+00
3.023420e-01
1.249800e-01
7.134617e-02
1.365072e-01
3.680358e-02
2.274262e-02
1.535075e-01
1.549151e-02
3.270085e-02
9.271294e-03
5.978017e-03
1.032121e-02
1.531612e-02
3.935746e-03
2.232702e-02
5.770507e-03
2.394120e-03
1.509157e-03
2.003451e-03
7.218698e-04
1.699916e-02
4.563161e-04
1.185886e-03
1.048516e-03
6.150575e-04
5.499770e-04
2.077908e-04
5.988063e-04
1.200592e-04
1.728119e-04
4.960629e-05
1.679419e-04
1.060103e-04
6.456010e-05
3.502958e-05
2.579049e-05
2.059472e-05
2.309470e-05
8.628072e-06
4.454066e-06
6.151943e-06
1.279061e-05
1.593561e-05
1.809652e-05
6.101171e-06
2.176169e-06
1.672046e-06
7.631341e-07
1.347766e-05
5.457081e-07
1.273854e-06
2.381183e-06
1.942800e-07
2.391181e-07
6.915382e-07
1.527401e-06
1.911036e-07
4.774113e-08
