1.118042e+01
3.030322e+00
1.260886e+00
1.213970e+00
7.661135e-01
3.884721e-01
2.539323e-01
2.887087e+00
4.012648e-01
1.865350e-01
1.260986e-01
1.133773e-01
2.067305e-01
2.064500e-01
5.855108e-01
7.371663e-02
3.767007e-01
5.831820e-02
6.147629e-02
6.359918e-02
9.754471e-02
4.293346e-02
4.808721e-01
6.500338e-02
1.111625e-01
4.091508e-02
5.969832e-02
2.733348e-02
1.401669e-01
3.615915e-02
3.671130e-02
5.150349e-02
4.937290e-02
2.002525e-02
6.979230e-02
2.167769e-01
2.497825e-02
2.635536e-02
2.788507e-02
3.308876e-02
2.055199e-02
2.971926e-02
3.151287e-01
1.613011e-02
2.339972e-02
2.732698e-02
2.461161e-02
1.669926e-02
1.060826e-01
1.893350e-02
2.128780e-02
1.417758e-02
2.098119e-02
1.430965e-02
2.210072e-02
1.304819e-02
2.512536e-02
9.134117e-02
1.314963e-02
1.633032e-02
7.258904e-02
1.295219e-02
3.752583e-01
1.058523e-02
1.056069e-02
2.083292e-02
1.160238e-02
1.349070e-02
2.026593e-01
1.609415e-02
1.086447e-02
6.166902e-02
8.011159e-03
2.919300e-02
1.115223e-02
6.029211e-02
9.911536e-03
5.723685e-03
6.654081e-02
1.076007e-02
1.010969e-02
1.182828e-02
1.514335e-02
1.023968e-02
3.989860e-02
1.600237e-02
1.916290e-02
5.085170e-02
9.832128e-03
3.243722e-02
1.287886e-02
6.617694e-03
7.988769e-03
1.505489e-02
4.593374e-03
2.717866e-01
5.422460e-02
6.143178e-03
1.059137e-02
7.577860e-03
5.887227e-03
9.590991e-03
1.534618e-02
1.842087e-02
6.641920e-03
1.370695e-02
5.732168e-03
2.010266e-02
1.473317e-02
7.702014e-02
4.973140e-03
2.279921e-02
8.134982e-03
4.484032e-03
2.052784e-02
1.655298e-02
2.196157e-02
3.511570e-03
8.654342e-03
1.586934e-02
1.456358e-02
3.297454e-03
4.401086e-02
6.328308e-02
1.223423e-02
6.836966e-03
1.465530e-02
1.771431e-02
3.553441e-03
4.034021e-03
2.013286e-02
7.351808e-03
5.411146e-02
9.381036e-03
4.218534e-03
3.618500e-03
1.494382e-02
1.550737e-02
1.038059e-02
4.621867e-03
5.192772e-03
9.001074e-03
3.166622e-03
1.029736e-02
4.901116e-02
6.360600e-03
6.901381e-03
1.410020e-02
2.804225e-03
7.063359e-03
2.379840e-02
1.079632e-02
3.304072e-02
5.776702e-03
7.580517e-03
6.182639e-03
2.431141e-03
8.002963e-03
5.361645e-02
4.906340e-03
4.537858e-03
3.336831e-03
1.528687e-02
3.297704e-03
5.139570e-03
6.713436e-03
1.243697e-02
1.097262e-02
6.305904e-03
4.068405e-02
1.998520e-03
4.344540e-03
4.885047e-02
2.584676e-03
9.923918e-03
9.238487e-03
2.412804e-03
5.849330e-03
5.533371e-03
9.356343e-03
1.052553e-02
8.004157e-03
5.526948e-03
3.054816e-03
4.014961e-03
3.553894e-03
6.342801e-03
4.699770e-02
3.715698e-03
3.501675e-03
1.495545e-02
4.220079e-03
4.531813e-03
2.544134e-02
3.435542e-03
3.455814e-02
3.272969e-03
6.401207e-03
2.118725e-03
1.701701e-03
7.732028e-03
3.986657e-03
1.324590e-02
1.018900e-02
1.500438e-02
1.002566e-02
6.275767e-03
4.752364e-03
3.921579e-02
4.288295e-03
1.655384e-03
5.176520e-03
5.167503e-03
3.136983e-03
3.265251e-03
5.974483e-02
4.616384e-03
2.169342e-02
2.035112e-03
1.756172e-03
7.864051e-03
1.561458e-03
8.766183e-03
6.358433e-03
3.657279e-03
1.940167e-03
5.819490e-03
5.185461e-03
4.265216e-03
6.984777e-03
5.385584e-03
8.535287e-03
5.340938e-03
4.251372e-03
2.575002e-03
1.511131e-03
1.503794e-02
4.097674e-03
6.643195e-03
3.820317e-03
3.261315e-03
2.171698e-03
2.249702e-03
2.347923e-03
8.324292e-03
3.021448e-02
6.805199e-03
2.633072e-03
4.214863e-02
2.182748e-03
1.781553e-03
3.398145e-03
5.282651e-03
3.503958e-03
4.754025e-03
6.457487e-03
1.775146e-03
3.354031e-03
1.403344e-02
3.988124e-03
1.280477e-02
1.773294e-03
1.696018e-03
4.559078e-03
1.724017e-03
3.000798e-02
5.654072e-03
5.687098e-03
1.352791e-03
1.945063e-03
1.953417e-03
2.486809e-03
6.594840e-03
2.538540e-02
5.535509e-03
4.076289e-03
2.927686e-03
2.203100e-03
4.226201e-03
1.270628e-02
4.622106e-03
3.601573e-03
2.395246e-03
4.016330e-03
9.174667e-03
1.248557e-03
2.689088e-03
3.578520e-03
5.428372e-03
2.936679e-03
1.144515e-02
9.584451e-04
7.970883e-03
8.243855e-03
3.235651e-03
8.089348e-02
1.545804e-03
1.324713e-03
3.843862e-03
5.419633e-03
3.214177e-03
2.410502e-03
1.191399e-03
7.984643e-03
4.471938e-03
2.983991e-03
4.419978e-03
2.948056e-03
8.288633e-03
1.002750e-03
1.881800e-03
1.053414e-02
3.139818e-03
3.241238e-03
1.878363e-03
4.033437e-03
4.284574e-03
9.077510e-03
1.093275e-03
6.249653e-03
7.547781e-03
1.363603e-03
7.122330e-03
2.383633e-03
5.505841e-03
1.909277e-03
1.362866e-03
8.405051e-03
2.980251e-02
1.242102e-03
1.542638e-03
2.045323e-03
1.172800e-03
1.181190e-03
5.148802e-03
1.454770e-03
1.132520e-03
4.231733e-03
7.817778e-03
8.665107e-03
7.491225e-03
2.507675e-03
1.454356e-02
3.574175e-03
1.544094e-03
1.811132e-03
1.436644e-03
1.250252e-03
1.674185e-02
1.348511e-02
2.888431e-03
3.978701e-03
1.253870e-03
1.328839e-03
1.346295e-02
2.910930e-03
6.279604e-03
1.446723e-03
1.838019e-02
3.781606e-03
1.200656e-03
8.412073e-04
1.497858e-03
3.030923e-02
3.698473e-03
2.403186e-03
7.897646e-03
3.180107e-03
2.685376e-03
8.097200e-04
4.724796e-03
1.666104e-03
3.313692e-03
2.266736e-03
2.411790e-03
7.470707e-03
2.125214e-03
1.203523e-03
1.110450e-02
3.389699e-03
2.240277e-03
8.510112e-04
1.267547e-03
2.348758e-02
7.676406e-04
7.931171e-03
1.783449e-03
8.021605e-04
1.397209e-03
1.594624e-03
4.519263e-03
3.837062e-03
2.933287e-03
1.873772e-03
1.491025e-03
3.200262e-03
1.730250e-03
2.355832e-03
1.530131e-03
2.384604e-02
1.045834e-03
6.418026e-03
1.461649e-03
2.718424e-03
8.185424e-03
1.659419e-03
6.458929e-03
4.083876e-03
7.354951e-04
1.205026e-03
1.214692e-02
1.896199e-03
1.490774e-03
1.321952e-02
1.218728e-03
2.157588e-03
2.466918e-03
6.803701e-04
3.828229e-03
3.285940e-03
1.094155e-03
1.034205e-02
1.834616e-03
1.752770e-03
2.406299e-03
3.805915e-03
1.250301e-03
4.236407e-03
2.297137e-03
9.368536e-04
2.723070e-03
6.907652e-04
1.165355e-03
3.031505e-03
1.241443e-03
3.608573e-03
8.927072e-04
2.004083e-02
1.710291e-03
2.500394e-03
5.318312e-04
7.647458e-03
1.571201e-02
4.057941e-03
1.077767e-03
1.194461e-03
1.236207e-02
1.183185e-03
1.446909e-03
1.608146e-02
2.006747e-03
6.049742e-04
2.776589e-03
3.288008e-03
2.494788e-03
1.491141e-02
1.910455e-03
1.496327e-03
8.569584e-04
2.359493e-03
7.733714e-04
9.111131e-04
1.990252e-02
1.895798e-03
1.498522e-03
1.346642e-03
3.588460e-03
9.094051e-04
6.961576e-04
1.277563e-03
4.439189e-03
4.704579e-03
1.632743e-03
2.646279e-03
2.963669e-03
1.077536e-03
1.296486e-03
8.454983e-03
6.700253e-04
7.401278e-03
9.094241e-04
5.213087e-03
1.172065e-03
8.652152e-04
9.120564e-03
1.383421e-03
6.797512e-04
1.647221e-03
3.891294e-03
5.129502e-03
2.038841e-03
3.741699e-03
3.786330e-03
6.587766e-04
1.629606e-03
1.435612e-03
1.560764e-03
5.377492e-04
1.072723e-02
9.241414e-03
8.841142e-04
1.299672e-03
8.808395e-04
2.493663e-03
2.956418e-03
3.230686e-03
3.695481e-03
5.333327e-04
4.351264e-03
7.404192e-04
1.192248e-03
7.053000e-04
5.718728e-03
1.268343e-03
2.941027e-03
8.698919e-04
2.280803e-03
2.652905e-03
6.692965e-04
7.376142e-03
6.997539e-04
9.004917e-04
5.799142e-04
8.334826e-04
3.814259e-03
2.329540e-03
2.805274e-02
1.881240e-03
6.946504e-03
9.174590e-04
1.010352e-03
6.213286e-04
1.064443e-03
3.139396e-03
5.280716e-03
9.174690e-04
6.848965e-04
2.226512e-03
1.916362e-03
1.903011e-03
9.416502e-03
6.643674e-04
3.413875e-03
8.474391e-03
1.442924e-03
9.388450e-04
5.840712e-04
3.621926e-03
4.749700e-04
4.215018e-04
3.224231e-03
2.253949e-03
4.269982e-03
2.329415e-03
4.547578e-03
1.133306e-03
1.026340e-03
5.682024e-04
7.463829e-04
1.850584e-03
6.364235e-04
7.495184e-04
1.591065e-03
1.503296e-03
7.001473e-04
3.526912e-03
1.570534e-03
1.332839e-02
1.648443e-03
3.473545e-03
4.220451e-03
6.734009e-04
8.352134e-04
8.100421e-04
1.150647e-03
8.177734e-04
5.099149e-04
2.643813e-03
9.603628e-04
2.900984e-03
5.595337e-04
5.983579e-03
7.056760e-04
8.863173e-04
1.516509e-03
1.744974e-03
4.135313e-04
5.298304e-04
1.011166e-03
6.270402e-03
4.271569e-03
1.479545e-03
1.904379e-03
4.323849e-04
8.367633e-04
2.024702e-03
1.056589e-03
6.197976e-03
2.254554e-03
6.281772e-04
7.553655e-04
3.996825e-04
1.708817e-03
3.272622e-03
6.638047e-04
7.213721e-04
1.127287e-02
5.748908e-04
5.975161e-03
6.806562e-04
1.095238e-03
1.181590e-03
1.738386e-03
1.015410e-03
1.039588e-03
2.919070e-03
1.926406e-03
4.198810e-04
2.602042e-03
6.753357e-04
7.845694e-04
5.313168e-04
4.111159e-03
7.094661e-04
5.839126e-03
7.894585e-04
1.188687e-03
6.649016e-04
9.902597e-04
8.059924e-04
7.690881e-04
9.595774e-04
1.720317e-03
1.640261e-03
2.868207e-04
1.176446e-03
2.768486e-03
6.385657e-04
9.913683e-04
6.883397e-03
1.021976e-03
3.615336e-03
1.328299e-03
3.933839e-03
2.965480e-04
3.934839e-04
1.092307e-03
1.860995e-03
4.659583e-03
1.134873e-03
1.008291e-03
1.297834e-03
2.685308e-03
3.754645e-04
8.988270e-04
6.225502e-03
5.749558e-04
4.453618e-04
1.429550e-03
6.030926e-04
9.766993e-04
1.026941e-03
5.734350e-04
3.785032e-04
6.198444e-04
1.170680e-03
1.112013e-03
2.131192e-03
2.624430e-03
3.642174e-03
9.137816e-04
1.398840e-03
1.015402e-03
6.372742e-04
9.947591e-04
2.092518e-03
6.680425e-04
4.983677e-04
1.372657e-03
4.265360e-04
7.853758e-04
5.666139e-04
8.945127e-04
5.255724e-04
3.997159e-04
7.455797e-03
5.025911e-04
1.890324e-03
3.133309e-03
6.725853e-03
3.759091e-04
7.877774e-04
1.256626e-03
5.520599e-04
5.140560e-03
1.662906e-03
6.581515e-03
1.771438e-03
3.253858e-04
2.884788e-04
6.458640e-03
8.093191e-04
3.046020e-03
7.520093e-04
3.497857e-03
3.637953e-04
7.647325e-04
1.688493e-03
7.290624e-04
4.996896e-03
2.450760e-04
9.012342e-04
1.127956e-03
1.360831e-03
1.947865e-03
5.771099e-04
1.702255e-03
8.717596e-03
5.768094e-04
5.555709e-04
3.384940e-04
7.082586e-04
2.125409e-03
7.807671e-04
2.176709e-03
2.323359e-03
6.623961e-04
9.108102e-04
6.979508e-04
4.019372e-04
7.371633e-04
5.851922e-03
2.469339e-03
2.414903e-04
4.920483e-04
3.307981e-04
2.461719e-03
9.870394e-04
5.025466e-03
6.719907e-04
1.935397e-03
2.270464e-04
1.563231e-03
4.752424e-04
4.423998e-04
1.292741e-02
9.762841e-04
4.413084e-04
7.882219e-04
4.898213e-04
2.685113e-03
6.827515e-04
1.099908e-03
2.732932e-04
7.637104e-04
3.356608e-04
4.175448e-04
6.310517e-04
8.677218e-04
1.997868e-03
3.451265e-04
7.202167e-04
6.799149e-04
1.166679e-03
5.300962e-04
4.552262e-04
5.108867e-04
6.801833e-04
1.765069e-03
7.820213e-04
4.460163e-04
1.999256e-04
1.929332e-03
8.238936e-04
6.477816e-04
7.406199e-04
2.694589e-03
7.685538e-04
4.583728e-04
4.542181e-04
6.354668e-03
7.258151e-04
3.068161e-04
2.194891e-03
4.782780e-04
7.642624e-04
1.002575e-03
5.714498e-03
6.810791e-04
2.989917e-04
9.944034e-04
1.611821e-03
2.927697e-04
5.493829e-03
3.544646e-03
3.326045e-04
5.424096e-04
3.862948e-04
2.664255e-03
4.580531e-04
4.387269e-03
4.337668e-04
1.549671e-03
8.248807e-04
3.020799e-04
1.826211e-03
7.489881e-04
9.796037e-03
1.266519e-03
2.252788e-04
5.489345e-04
1.808603e-03
1.619866e-03
5.722741e-04
2.271220e-04
1.775314e-03
5.144946e-04
2.429508e-04
6.008064e-04
5.638019e-03
7.775926e-04
2.994455e-03
1.577837e-03
8.009453e-04
1.572801e-03
1.605939e-04
4.381493e-04
7.091303e-04
1.223891e-03
7.282060e-04
2.890519e-04
9.588607e-04
5.389543e-04
2.972061e-04
1.181021e-03
3.664361e-04
8.931224e-04
4.784558e-04
1.764184e-03
4.324157e-04
2.321079e-04
3.746952e-04
3.227513e-04
3.999529e-04
5.241462e-04
3.725629e-04
7.878291e-04
4.605921e-04
6.877246e-04
1.147207e-03
2.616858e-04
3.996322e-04
2.852206e-04
8.357845e-04
5.118897e-04
1.106500e-03
1.475785e-03
2.646477e-04
5.651638e-04
5.015175e-04
2.236258e-04
1.995512e-04
1.007495e-02
4.196236e-04
1.498526e-03
2.334765e-04
1.763881e-03
5.237009e-04
8.647732e-04
1.611391e-04
5.064413e-04
2.213181e-04
1.006894e-03
1.553885e-03
3.204852e-04
9.618131e-04
1.451592e-03
5.237254e-04
6.587648e-04
2.860957e-04
4.984420e-04
6.048944e-04
5.945845e-04
6.909913e-04
3.330453e-04
1.277521e-03
2.487694e-04
1.313037e-03
8.487720e-04
7.762455e-04
8.669022e-04
2.987727e-04
4.104981e-04
5.170753e-04
4.025695e-04
1.842455e-04
4.540681e-03
3.186799e-04
2.205400e-04
3.044193e-04
4.658723e-03
3.175474e-04
1.573070e-03
2.323701e-03
2.025906e-04
4.539244e-04
7.379913e-04
3.987401e-04
2.562387e-04
8.147902e-04
7.362401e-04
5.583027e-04
2.977683e-04
2.037095e-04
3.320024e-04
2.005029e-04
4.152991e-03
3.670215e-04
3.202710e-03
6.495562e-04
1.250945e-03
8.662269e-04
1.796318e-03
4.604406e-04
3.558690e-04
1.263324e-04
1.295363e-03
7.601890e-04
2.148749e-04
5.841084e-04
2.174459e-03
2.045428e-04
2.972687e-04
6.426185e-04
3.395709e-04
3.568861e-04
8.206951e-04
2.164252e-03
3.086707e-04
6.088748e-04
1.988023e-04
4.152214e-04
4.185405e-04
2.317445e-03
2.687216e-04
5.708797e-04
2.555785e-04
5.960352e-04
1.838195e-04
1.679581e-04
3.411462e-03
2.620495e-04
1.301296e-03
8.116191e-04
2.440372e-03
8.095508e-04
4.000814e-04
6.415524e-04
1.619967e-04
1.207942e-03
1.396854e-04
3.215846e-04
4.736421e-04
9.755060e-04
2.419976e-03
5.910925e-04
2.574319e-04
5.205481e-04
1.243637e-04
7.476170e-04
6.238016e-04
6.075999e-04
6.377022e-04
2.930205e-03
2.412975e-04
5.302336e-04
5.701284e-04
1.463207e-04
3.861336e-04
3.880257e-04
4.159643e-04
1.935945e-04
4.055211e-04
4.270954e-04
2.035965e-04
2.240122e-04
3.284751e-04
3.167187e-04
2.402439e-04
3.432155e-04
3.336042e-03
2.375230e-04
1.297391e-03
3.382778e-04
1.229405e-04
1.353492e-03
1.697146e-04
3.533628e-04
2.614320e-04
3.176618e-04
2.689266e-04
4.191894e-04
2.977569e-04
3.249460e-04
2.906782e-04
7.911995e-04
7.693861e-04
3.107755e-04
1.547005e-04
6.410230e-04
1.762865e-04
5.903151e-04
2.129680e-04
2.995457e-04
2.544783e-04
9.947020e-04
8.531390e-04
1.818340e-04
2.472686e-03
2.893905e-04
1.318946e-03
3.651232e-04
1.974011e-04
2.951012e-04
2.380072e-04
1.068586e-03
1.490106e-03
1.604524e-04
1.418208e-04
3.934686e-04
4.533669e-04
3.471580e-04
1.437605e-04
3.062880e-04
9.483840e-04
2.393765e-04
1.457644e-04
3.448468e-04
1.877659e-04
1.667115e-04
2.290561e-04
4.867768e-04
2.076206e-03
2.718885e-04
5.351122e-04
1.312745e-03
8.962854e-04
2.931786e-04
1.483447e-04
3.481026e-04
5.608250e-04
3.301699e-04
2.609802e-04
2.959529e-04
1.243321e-04
1.218485e-03
5.240022e-04
1.576044e-04
1.272443e-04
6.126958e-04
1.810826e-04
5.914544e-04
1.299100e-04
2.984936e-04
2.483873e-04
4.824406e-03
1.455976e-04
2.700879e-04
6.525496e-04
5.642139e-04
4.964150e-04
2.657682e-04
3.982545e-04
5.604877e-04
5.754629e-04
1.176153e-04
1.045430e-04
5.824815e-04
2.397437e-04
1.043355e-03
2.084023e-04
1.146338e-04
1.120804e-03
3.239746e-04
3.476399e-04
3.250740e-03
2.217893e-04
1.021355e-03
5.031565e-04
2.519759e-04
1.693776e-04
2.679519e-04
2.953379e-03
1.279570e-04
7.536775e-04
8.139832e-04
4.986664e-04
1.754863e-04
1.661247e-04
3.489071e-03
4.742941e-04
9.963551e-05
3.820545e-04
9.970131e-05
1.135329e-03
6.143246e-04
3.095916e-03
2.005699e-04
7.837041e-04
1.040534e-04
3.518961e-04
2.056543e-04
8.961753e-04
3.702784e-04
5.237164e-04
2.361745e-04
2.994321e-04
8.539769e-05
9.521077e-04
3.300881e-04
1.897021e-04
8.780827e-05
2.056160e-03
2.859890e-04
1.752907e-04
2.757698e-04
6.041706e-04
3.301765e-04
2.853491e-04
2.942179e-04
3.623535e-04
2.601695e-04
5.567552e-04
3.204105e-04
7.424027e-05
1.392335e-04
4.015060e-04
1.576965e-04
1.862620e-04
1.027200e-04
7.346287e-04
8.433576e-04
2.777725e-04
1.341122e-04
9.132687e-04
5.418476e-04
1.330461e-03
9.795342e-05
1.667877e-04
1.382682e-04
2.167183e-04
2.681835e-04
3.920522e-04
2.916704e-04
1.011361e-04
1.503359e-04
5.696940e-04
6.168544e-04
1.329779e-04
2.835929e-04
2.035128e-04
2.089279e-04
1.674955e-04
3.784419e-04
1.521982e-04
2.940967e-04
3.852768e-04
4.030820e-04
1.029446e-04
1.459136e-04
1.835585e-03
2.349207e-04
1.242166e-04
6.960294e-04
2.510103e-04
7.911061e-04
7.195525e-05
7.397143e-05
1.496280e-04
4.208916e-03
2.537778e-04
7.659713e-04
1.879112e-04
1.167413e-03
6.154703e-04
3.012097e-04
1.576263e-04
8.171493e-04
1.825577e-04
4.163059e-04
1.792486e-04
9.500962e-05
3.925511e-04
1.585442e-03
1.061258e-04
2.002729e-04
2.622435e-04
1.076164e-04
8.908146e-05
3.384821e-04
3.676772e-04
8.357496e-04
1.319466e-04
1.953963e-04
3.113098e-04
2.028411e-04
3.708284e-04
3.477332e-04
1.015466e-04
1.664038e-04
1.564783e-04
1.134750e-04
4.687505e-04
1.783104e-04
2.469723e-04
2.236942e-04
2.446537e-04
1.755218e-04
1.562252e-04
3.535483e-04
3.468610e-04
2.443534e-03
1.542852e-04
6.642447e-05
1.233769e-04
1.170797e-04
2.175885e-04
9.697290e-05
1.649041e-03
2.103444e-04
3.672728e-04
6.046059e-04
2.396291e-04
1.097978e-04
8.297412e-04
1.581612e-04
2.677482e-04
1.012195e-04
5.985874e-04
3.156375e-04
1.402107e-04
1.220995e-03
1.522211e-04
1.219794e-04
5.122382e-05
3.132271e-04
5.930846e-04
3.254862e-04
4.644561e-03
9.944824e-05
5.754386e-05
1.373940e-04
8.510918e-05
6.813418e-04
2.176075e-04
2.650976e-04
6.655119e-04
1.123287e-04
6.305028e-05
2.292010e-04
7.021680e-05
7.310046e-04
8.337776e-05
2.685380e-04
4.039868e-04
7.067611e-04
2.274244e-04
1.959947e-04
1.110828e-03
6.271392e-04
1.811495e-04
7.714918e-05
1.427921e-04
1.035423e-04
6.807795e-04
3.692566e-03
9.514943e-05
7.482143e-05
2.030409e-04
2.513120e-04
7.581679e-05
2.876729e-04
4.614478e-04
8.014465e-05
1.933865e-04
8.273349e-05
1.692767e-04
1.757252e-04
1.935972e-04
1.322784e-04
1.513739e-04
2.648072e-04
2.009620e-04
2.454588e-04
8.026707e-05
1.047877e-03
1.223940e-04
2.124122e-04
3.446460e-04
5.253619e-05
2.469224e-04
6.859022e-04
2.559855e-03
2.116129e-04
1.533667e-04
2.223701e-04
1.423565e-04
9.522489e-05
1.341537e-04
1.921941e-03
6.798820e-05
1.722891e-03
1.172854e-04
5.850722e-05
1.610474e-04
1.196856e-03
3.985006e-04
1.048261e-04
1.235959e-04
1.362119e-04
2.069734e-03
1.080323e-04
2.055856e-03
3.809240e-04
6.930385e-05
4.867454e-05
5.141075e-05
1.282704e-04
8.381799e-04
8.470534e-04
6.956374e-04
9.461159e-05
7.795814e-04
1.123709e-04
3.921177e-05
7.638928e-04
1.018730e-04
2.056669e-04
2.111978e-04
1.028732e-04
1.615942e-04
3.140629e-04
3.487961e-04
1.679763e-04
1.503351e-04
6.369399e-05
3.238726e-04
1.384405e-04
8.846693e-05
1.984018e-04
1.122543e-04
1.307849e-04
2.564397e-04
5.657510e-05
1.919979e-04
6.319782e-04
3.677746e-04
1.287735e-04
5.117314e-05
1.422521e-04
1.139855e-04
2.124442e-04
1.149660e-03
7.822371e-05
1.537928e-03
5.380289e-04
7.323869e-05
2.885871e-04
5.738736e-05
4.285152e-04
1.820877e-04
4.829242e-05
2.627662e-04
1.502387e-04
8.660254e-05
9.609644e-05
1.682418e-03
5.736221e-05
7.963943e-04
1.208547e-04
3.545576e-04
6.575099e-04
1.727038e-04
4.428575e-04
2.390342e-04
5.788996e-05
8.446825e-05
9.727427e-05
4.344054e-05
1.044860e-04
1.605361e-04
1.422967e-04
2.085636e-04
1.359878e-04
4.775026e-05
1.103165e-04
1.112248e-03
2.603837e-04
8.703664e-05
4.423228e-04
1.863552e-04
7.068649e-05
1.578436e-04
5.061436e-04
1.030348e-04
4.417154e-04
5.407920e-05
2.871791e-04
5.199735e-05
1.548951e-04
9.062958e-04
5.916853e-05
9.914673e-05
2.561645e-04
5.279094e-05
1.688217e-04
1.825801e-04
2.639811e-04
5.319057e-05
4.899723e-05
1.262782e-04
2.792600e-04
1.009687e-04
1.137239e-04
7.625243e-05
3.006843e-04
1.837338e-04
8.152455e-05
5.126370e-05
2.934576e-04
3.639358e-04
2.029432e-04
2.019008e-04
1.666117e-04
2.397618e-04
5.675624e-05
6.178545e-05
7.837479e-04
3.149234e-05
1.743870e-04
8.957508e-05
1.100228e-03
5.933651e-04
3.870221e-05
8.353856e-04
9.586416e-05
1.533198e-04
2.605660e-04
2.365933e-04
1.005539e-04
1.401120e-03
5.495262e-04
1.133260e-04
4.617496e-05
4.340680e-05
5.420502e-05
1.446962e-04
2.368043e-04
3.228153e-05
3.813451e-04
2.620003e-04
4.997603e-05
6.980415e-05
4.444383e-05
1.825263e-03
5.658222e-05
3.605695e-04
2.632300e-04
1.683332e-04
1.434351e-04
6.090004e-05
1.508857e-03
1.297887e-04
5.937379e-05
7.940205e-05
4.312701e-04
1.098419e-04
5.818955e-05
7.183723e-05
1.234029e-04
3.191440e-04
3.449762e-04
2.912379e-05
8.026270e-05
9.617487e-04
2.457261e-04
6.261624e-05
1.302057e-04
4.612957e-05
4.377381e-05
6.699683e-04
1.629768e-04
1.672519e-04
1.610602e-04
2.381450e-04
1.054009e-04
2.866988e-04
5.323900e-05
9.838495e-04
1.897718e-04
8.553491e-05
4.536358e-05
2.720392e-04
3.762752e-05
1.124117e-04
1.031147e-04
2.225760e-04
2.913187e-05
8.379361e-05
1.606414e-04
6.426761e-04
5.176374e-04
4.091446e-04
5.567130e-05
4.556869e-05
1.148988e-04
6.535755e-05
9.913890e-05
1.351524e-04
5.739943e-05
1.707108e-04
7.796915e-05
7.584294e-05
9.933982e-05
1.446281e-04
1.363536e-03
3.577251e-05
1.555361e-04
2.052432e-04
3.626188e-05
8.813801e-05
1.975230e-04
4.409280e-04
4.327152e-05
3.646699e-05
3.230491e-05
5.554333e-04
1.196877e-04
2.535823e-04
1.196218e-04
4.263410e-05
1.541130e-04
7.902360e-05
1.309036e-04
3.763091e-04
1.733665e-03
6.433492e-04
2.720308e-05
6.009965e-05
5.560900e-05
4.645736e-05
1.643671e-03
5.095952e-05
8.156257e-05
4.446521e-05
8.972956e-05
6.180867e-05
4.410130e-05
6.481043e-04
8.568754e-05
2.172706e-04
5.394623e-05
4.998965e-05
2.125602e-04
3.698351e-05
9.367563e-05
7.253786e-05
1.451591e-04
3.957671e-05
9.823157e-05
6.249282e-05
2.400265e-04
3.990929e-04
2.213621e-05
2.307414e-04
7.711488e-05
4.949809e-05
6.705208e-04
3.744358e-05
2.717728e-05
3.989880e-05
1.136505e-04
8.391733e-05
5.984995e-05
2.599518e-04
5.546176e-05
3.719235e-05
9.198552e-05
1.819360e-04
9.735686e-05
2.998212e-04
1.165517e-03
8.300881e-05
6.438489e-05
8.076920e-05
6.870706e-05
9.065945e-05
4.183895e-04
3.205021e-04
1.190012e-04
3.308419e-05
2.044438e-05
4.461778e-05
1.876559e-04
4.150783e-05
6.909624e-05
8.599281e-05
3.947536e-05
3.402675e-04
3.968159e-05
4.069674e-04
5.872571e-05
4.156787e-05
4.746221e-05
5.706468e-05
5.011741e-05
1.084852e-04
2.993815e-04
4.511634e-05
3.458753e-05
4.099936e-05
4.115555e-05
7.773259e-05
1.021435e-04
1.042194e-04
8.677317e-05
3.003099e-05
2.252492e-05
3.059881e-05
6.553044e-04
3.246762e-05
8.144939e-04
2.808267e-04
1.168735e-04
1.217669e-04
4.072804e-05
3.665931e-04
1.126429e-04
8.521314e-05
5.724096e-05
3.236591e-05
7.402227e-05
8.778864e-05
4.737452e-04
2.934170e-05
4.875182e-05
1.428036e-04
3.571624e-05
2.067608e-05
3.125718e-04
4.627348e-04
4.437634e-05
5.538326e-05
1.675458e-04
5.629876e-05
5.684389e-05
4.434574e-04
3.897849e-05
2.970916e-04
5.865571e-05
1.406079e-04
3.644251e-05
4.223918e-05
7.308609e-04
2.816981e-05
9.627719e-05
9.679463e-05
2.899666e-05
6.838365e-05
1.815128e-04
3.582140e-05
2.815452e-05
2.043140e-05
6.686009e-05
1.214431e-04
1.372824e-04
8.867261e-05
8.218751e-05
3.827420e-05
6.566328e-05
7.052394e-05
2.852421e-05
8.906798e-05
5.604985e-05
9.716304e-05
2.636082e-05
1.160705e-04
6.037892e-05
5.624939e-05
1.112111e-03
2.025704e-05
2.839630e-05
2.312592e-04
1.466502e-04
2.984214e-05
2.685371e-04
5.715685e-05
2.597881e-05
4.534484e-05
8.942173e-05
5.218105e-05
1.569208e-04
1.862678e-04
6.910166e-05
1.789626e-05
6.836349e-05
8.391155e-05
4.671285e-05
2.549603e-04
2.468008e-05
7.690530e-05
4.100328e-05
5.164051e-05
1.291394e-04
5.676531e-05
1.328488e-04
1.283310e-04
2.171123e-05
4.493222e-05
1.285779e-04
2.006484e-05
2.113356e-05
1.091371e-04
2.191198e-05
4.654362e-05
8.474961e-05
6.679347e-05
2.958288e-05
1.514895e-04
1.893322e-04
3.611449e-05
2.855603e-05
6.062738e-05
3.385460e-05
1.281134e-04
9.206586e-05
3.543857e-05
2.948253e-05
6.486861e-05
3.018068e-05
5.999849e-05
4.167199e-04
3.627549e-05
1.783584e-05
1.224224e-04
1.880123e-05
3.657618e-05
7.616939e-04
2.793075e-05
3.635386e-05
6.542309e-05
5.696626e-05
9.155145e-05
1.495408e-04
2.673036e-04
4.621301e-05
1.710867e-05
1.303044e-04
3.867183e-05
6.181611e-05
1.366646e-04
4.741549e-05
2.685684e-04
2.254225e-05
2.198405e-05
1.679764e-04
6.155927e-05
3.613273e-04
4.278528e-05
3.925907e-05
2.247130e-05
1.955498e-05
1.082237e-04
1.573583e-05
1.533378e-04
2.286825e-05
2.807668e-05
6.341185e-05
1.596113e-04
5.172163e-05
2.026365e-04
4.984315e-05
9.975844e-05
7.040419e-05
1.138509e-04
1.709740e-05
3.860400e-05
1.820554e-04
3.285246e-04
1.844627e-05
3.157530e-05
1.371889e-05
4.114410e-05
2.909389e-04
1.984833e-05
8.671203e-05
1.348990e-04
4.142931e-05
7.194990e-05
5.712971e-05
3.680573e-04
8.960074e-05
6.640839e-05
1.204723e-05
3.244345e-04
1.723895e-05
1.245865e-04
4.095191e-05
2.564275e-05
1.587355e-04
8.967314e-05
7.136351e-05
5.645382e-05
3.266648e-05
1.133007e-04
3.062921e-05
1.998140e-05
1.346973e-05
3.674079e-05
3.496707e-04
1.479324e-05
6.381584e-05
4.829555e-05
6.050652e-05
1.767580e-05
1.692369e-05
1.944511e-04
3.197184e-05
3.909157e-05
3.576409e-05
6.759874e-05
7.701125e-05
2.351830e-05
8.052673e-04
3.688173e-05
6.819224e-05
7.936243e-05
4.210814e-05
1.743471e-04
4.320594e-05
4.701952e-04
2.673123e-05
2.133508e-05
1.795390e-05
2.155379e-05
1.814793e-05
3.251324e-04
1.759117e-04
8.245695e-05
2.348582e-05
4.847435e-05
7.665728e-05
7.694088e-05
2.866362e-05
1.196930e-05
3.171466e-05
1.899263e-04
1.993620e-05
2.146005e-05
2.570883e-04
4.678809e-05
8.511919e-05
1.745149e-05
4.962652e-05
8.623336e-05
6.762707e-05
2.526732e-05
1.108093e-04
1.385457e-05
2.844575e-05
2.613214e-05
5.455506e-05
6.607826e-05
3.162381e-05
3.083738e-05
8.220700e-06
7.853507e-05
4.113769e-05
6.057611e-05
5.758378e-05
4.216370e-05
1.719690e-05
1.637345e-05
4.437305e-05
2.596277e-05
4.373474e-05
6.906132e-05
1.910571e-05
3.052087e-05
9.139749e-05
5.896418e-05
9.951587e-05
2.012579e-05
5.646452e-04
7.694575e-05
1.084709e-04
3.418511e-05
2.727401e-05
1.234969e-05
1.950865e-05
3.140230e-04
1.768982e-05
1.897375e-05
4.407208e-05
1.037167e-05
5.994813e-05
1.319907e-05
2.100360e-04
1.060178e-04
2.999692e-05
2.335129e-05
3.106319e-05
6.014080e-04
2.490551e-05
3.190010e-05
5.628425e-05
3.350933e-05
5.919796e-05
5.188163e-05
4.581975e-05
2.353137e-05
1.616591e-05
2.004632e-05
2.851939e-05
2.038874e-04
4.496614e-05
3.126216e-04
5.836123e-05
1.502259e-05
1.150507e-05
5.223796e-05
5.991638e-05
1.316441e-05
2.514401e-05
3.209451e-04
2.030750e-05
1.493627e-05
1.475670e-05
6.281800e-05
2.789651e-05
2.995563e-05
5.748703e-05
7.076763e-05
2.558385e-05
3.077727e-05
1.999521e-05
1.706295e-04
2.506564e-05
9.446637e-06
2.402123e-05
8.351626e-05
1.486930e-05
3.880333e-04
6.086237e-05
2.006093e-05
8.227015e-05
1.343631e-05
9.222896e-06
2.771538e-05
3.578919e-05
1.540177e-04
1.604055e-05
2.990413e-05
1.951859e-05
2.020990e-05
5.833851e-04
3.177877e-05
3.781862e-05
3.828294e-05
1.455816e-05
9.665605e-06
4.620410e-05
7.469958e-04
7.122636e-05
1.041341e-05
2.069657e-05
2.760070e-05
1.088320e-05
2.923076e-05
4.454765e-05
8.604728e-06
1.800201e-05
2.917633e-05
1.854761e-05
1.020889e-04
7.029545e-05
2.353539e-05
3.968378e-05
3.335869e-05
1.854614e-05
5.946662e-05
1.661662e-05
1.673629e-05
1.269143e-05
4.094034e-05
3.877583e-05
1.444937e-05
1.998906e-05
5.755618e-05
1.850756e-05
2.661367e-05
1.193128e-05
1.519615e-04
2.390806e-05
1.959178e-05
9.934673e-05
7.217331e-05
3.198213e-05
1.568190e-05
3.618439e-05
1.465573e-05
1.887345e-04
1.452969e-04
5.386350e-05
8.098640e-06
1.133386e-05
1.343747e-05
8.703825e-06
1.152569e-05
7.960485e-05
4.157036e-04
4.970174e-05
1.895924e-05
1.112211e-05
2.151145e-05
2.773753e-05
2.458365e-05
1.341432e-05
1.393548e-05
6.799157e-05
1.686271e-05
5.911381e-05
1.126786e-05
2.659313e-05
9.019979e-06
6.259067e-05
7.965080e-06
1.023807e-04
1.674891e-04
8.772422e-06
1.518564e-05
2.717953e-05
1.867082e-05
1.467612e-05
4.789087e-05
3.031673e-05
1.570468e-05
2.543711e-05
7.105121e-05
2.042984e-05
1.006034e-05
8.876716e-05
7.191005e-06
2.161805e-05
3.372849e-05
2.367161e-05
9.598524e-06
3.419244e-05
1.024312e-04
2.806722e-05
1.845223e-05
1.193824e-05
5.689948e-06
2.685127e-05
2.024773e-04
2.014897e-05
1.871246e-05
1.091191e-05
1.605420e-05
1.870109e-05
3.991069e-05
3.511567e-05
6.243474e-05
2.720730e-04
2.059670e-05
1.544219e-05
2.008985e-05
1.089122e-04
1.970624e-05
9.173529e-06
1.012469e-05
2.702536e-05
3.858551e-05
1.031618e-05
3.905805e-05
1.717015e-05
1.238763e-05
1.487971e-05
1.448331e-05
2.657861e-05
1.113526e-04
9.283492e-06
7.389868e-06
1.425823e-05
1.370256e-05
8.494174e-06
4.704289e-05
1.367136e-04
1.031484e-04
1.770320e-05
8.789011e-06
1.239565e-05
2.164510e-05
3.625951e-05
6.151122e-05
8.895561e-06
1.472614e-05
3.996747e-05
1.609951e-05
1.630165e-05
4.736546e-05
3.283149e-05
2.530739e-05
5.609756e-06
9.801316e-06
1.304246e-04
1.291151e-05
1.511672e-04
8.011927e-06
6.101474e-05
1.136193e-05
1.403919e-05
3.164068e-05
6.923799e-05
1.358119e-05
2.039017e-05
2.889177e-05
1.248768e-05
1.734753e-05
8.026747e-06
2.925544e-04
9.441134e-06
2.298939e-05
2.251920e-05
1.589608e-05
1.466009e-05
8.406804e-06
1.896603e-05
2.540698e-05
2.274413e-05
6.807944e-06
3.925502e-05
1.426193e-05
1.511389e-05
2.049396e-05
1.119889e-05
1.549577e-05
8.783587e-06
1.727315e-05
4.442911e-05
3.240716e-05
3.513285e-05
1.387124e-05
1.942438e-05
5.553761e-06
8.633421e-06
3.920662e-05
7.388908e-06
2.610142e-05
2.695249e-05
2.586340e-05
2.209574e-05
2.899419e-05
6.145523e-05
8.678531e-06
1.768036e-05
1.054247e-05
6.824119e-06
1.045359e-05
1.714548e-05
5.307636e-05
1.319510e-05
2.489604e-05
9.057498e-06
1.344278e-05
5.250666e-06
1.021283e-04
9.697302e-05
4.990041e-05
5.276759e-06
3.627431e-05
5.854103e-06
1.072801e-04
3.860148e-05
9.329775e-06
2.778795e-05
1.748286e-05
1.037847e-05
7.373219e-06
1.398173e-04
7.958061e-05
1.797449e-05
6.638098e-06
1.321227e-05
9.249692e-06
1.456851e-05
7.348545e-05
7.248267e-06
8.317187e-06
3.787859e-05
2.858629e-05
1.042312e-05
5.007473e-05
1.192485e-04
4.042127e-05
4.979662e-06
8.554943e-06
8.529274e-06
5.593774e-06
5.811513e-05
1.370607e-05
1.320943e-04
8.607631e-06
2.435351e-05
1.301511e-05
2.148367e-05
1.067223e-05
2.198262e-05
6.235298e-06
8.676496e-06
9.543721e-05
3.439297e-05
9.047465e-06
1.777904e-05
1.022233e-05
1.720549e-05
4.970007e-06
1.409406e-05
3.309264e-05
1.800380e-04
9.406240e-06
5.302668e-06
5.325070e-06
3.111473e-05
4.599859e-06
1.597949e-04
1.089916e-05
1.095752e-04
1.339607e-05
1.267340e-05
2.547278e-05
4.035607e-05
7.117759e-06
7.282959e-06
3.113782e-05
1.620143e-05
4.735519e-05
1.169924e-05
4.281096e-06
1.380305e-05
1.903822e-05
1.093222e-05
1.434250e-05
4.447030e-06
1.760701e-05
2.780117e-04
6.232634e-06
8.601541e-06
1.644180e-05
5.296001e-06
2.575782e-05
1.909383e-04
3.207290e-05
7.029833e-05
4.717620e-06
1.132000e-05
1.112345e-05
9.822682e-06
1.898713e-04
1.007427e-05
4.252995e-06
2.079445e-05
2.094631e-05
4.059470e-05
6.958094e-06
3.047063e-05
1.505904e-05
5.182167e-06
1.054317e-05
2.021514e-05
2.792030e-05
9.116829e-05
9.180739e-06
3.459898e-06
9.473696e-06
2.558384e-05
7.378886e-06
9.919869e-06
5.467348e-06
1.913087e-05
7.748186e-06
1.214007e-05
5.605260e-06
1.136552e-05
2.206718e-04
7.347194e-06
4.872015e-05
1.096015e-05
1.108087e-05
4.909761e-05
1.932700e-05
7.334053e-05
7.066357e-06
1.622625e-05
8.067897e-06
1.693485e-05
8.097730e-06
6.935568e-06
2.188117e-05
3.992454e-06
8.057801e-06
1.005494e-05
5.477372e-06
3.075301e-05
2.062329e-05
5.174834e-06
5.477765e-06
3.725063e-06
1.134847e-05
5.359703e-06
2.436002e-05
6.422068e-06
1.633785e-05
8.910199e-06
1.032415e-05
1.009889e-05
2.106631e-05
7.763619e-05
1.555440e-05
9.271831e-06
5.815322e-06
1.171668e-05
6.140259e-06
5.173489e-06
7.625719e-05
9.662302e-06
4.393013e-06
1.053710e-05
6.193592e-06
1.090786e-05
6.992455e-06
4.907401e-05
8.827515e-06
9.813596e-06
1.048818e-05
5.085585e-06
1.834436e-05
1.414216e-05
6.636710e-06
1.647110e-05
4.650780e-06
3.435706e-06
1.372796e-05
1.172271e-05
2.615094e-05
5.325330e-06
5.073191e-06
5.300350e-05
1.630366e-05
6.913965e-06
1.428217e-04
8.196983e-06
1.440309e-05
3.057706e-05
1.712813e-05
2.987882e-05
3.430663e-05
3.218033e-06
2.508421e-05
4.016946e-06
5.010275e-06
3.838215e-06
4.444146e-06
3.177467e-06
4.066365e-06
2.762340e-05
7.397608e-06
2.678212e-05
2.097196e-05
7.853573e-06
4.318395e-05
7.415190e-06
1.715759e-05
5.064532e-05
4.655276e-06
9.139560e-06
6.074808e-06
2.559362e-05
8.508330e-06
1.644919e-05
4.245358e-06
5.947084e-05
5.564664e-06
1.186946e-05
4.279194e-06
2.557566e-05
4.196275e-06
8.118894e-06
9.641497e-06
2.425545e-05
6.556626e-05
1.046166e-05
5.463908e-06
3.031049e-06
8.379246e-06
8.025722e-06
5.246308e-06
5.659442e-06
1.406586e-05
1.040812e-05
6.363826e-06
8.143519e-06
1.598742e-05
7.625977e-06
1.146682e-05
1.216257e-05
5.811281e-06
6.431227e-05
6.350057e-06
7.410139e-06
1.025308e-05
2.771095e-06
1.211268e-05
3.235160e-06
1.881068e-05
5.563345e-06
2.287973e-05
3.618414e-05
1.719090e-05
1.067176e-05
3.831711e-06
2.958785e-06
7.266652e-06
1.744259e-05
2.711466e-05
8.037234e-06
2.191892e-06
3.369793e-06
1.174961e-05
7.237606e-06
9.778906e-06
4.291986e-06
4.148669e-05
1.236694e-05
4.427101e-05
7.327451e-06
4.241744e-06
3.824835e-06
5.610082e-06
7.621369e-06
2.364886e-05
9.908130e-06
3.391993e-06
9.808344e-06
1.503755e-05
2.244933e-06
4.820786e-06
4.615678e-06
3.417847e-05
2.851089e-05
6.475890e-05
5.362600e-06
5.086790e-06
8.371095e-06
2.374544e-06
2.913279e-05
1.819170e-05
4.584390e-06
5.142292e-05
5.663925e-06
3.664199e-06
6.061196e-06
6.664130e-06
4.765826e-06
1.410790e-05
5.300609e-06
3.009132e-05
6.119917e-06
7.509858e-06
3.060488e-06
2.613637e-05
1.029182e-05
4.852438e-06
7.184790e-06
3.558734e-05
2.307672e-06
9.856465e-05
4.752162e-06
5.309824e-06
7.519430e-06
1.639385e-05
1.663248e-05
5.096159e-06
2.302221e-05
4.334677e-05
4.686342e-06
3.032341e-06
1.402121e-05
2.001893e-06
3.166179e-05
2.768429e-06
8.533517e-06
1.214894e-05
6.305315e-06
2.914816e-05
2.327255e-06
1.564047e-05
1.045581e-05
4.768364e-06
1.379114e-05
3.807386e-05
2.476830e-06
2.237117e-05
3.708375e-06
8.333591e-06
5.850494e-06
5.404772e-06
4.026008e-06
1.905060e-06
1.753710e-05
3.798874e-06
8.399488e-06
2.998992e-06
4.851567e-06
4.526391e-06
8.654195e-06
5.260475e-06
7.876533e-05
2.558309e-06
6.003543e-06
4.889818e-06
7.409740e-06
1.887833e-04
4.370268e-06
7.668170e-06
4.153588e-06
4.792829e-06
2.454082e-06
7.113862e-06
4.461961e-06
6.118836e-06
5.018378e-06
7.218815e-06
2.658837e-06
5.854243e-06
8.701087e-06
7.240573e-05
4.224722e-06
4.779458e-06
4.033063e-06
3.530393e-06
5.573926e-05
4.156833e-05
3.342919e-06
8.285173e-06
3.505557e-06
1.767030e-05
1.770890e-06
9.232341e-05
4.091736e-06
4.471265e-06
1.779427e-06
6.656085e-06
6.511085e-06
7.155270e-06
4.757299e-06
9.336313e-06
1.968629e-05
5.476443e-06
3.370777e-06
8.385083e-06
9.037933e-06
7.345639e-05
6.371105e-06
3.610649e-06
4.272616e-06
2.481499e-06
1.012728e-05
1.136586e-05
2.307383e-06
1.673047e-05
1.322480e-05
1.561851e-06
3.481807e-06
1.440381e-05
6.248611e-06
1.452737e-05
1.974700e-06
2.264111e-06
1.694775e-05
3.326032e-06
7.424249e-06
1.863915e-06
8.103565e-06
1.137469e-05
3.447305e-06
6.067496e-06
3.443955e-05
7.216594e-06
9.560750e-06
9.141013e-06
3.026169e-06
2.218111e-05
3.799448e-06
2.153636e-06
2.203165e-06
4.297337e-06
1.052447e-05
3.328041e-06
3.064070e-06
3.156277e-05
2.281006e-05
2.440262e-06
3.098752e-06
4.589035e-06
4.085923e-06
1.056053e-05
2.185660e-05
2.727766e-06
2.471977e-05
2.187806e-06
3.346935e-06
3.662524e-06
2.999906e-06
2.940820e-05
2.471893e-06
1.099649e-05
2.383488e-05
1.787278e-06
2.385486e-06
4.804770e-05
1.394384e-05
3.546843e-06
7.375283e-06
2.906387e-06
4.699747e-06
8.189902e-06
2.786225e-06
3.126870e-06
1.446636e-05
4.885022e-06
3.716013e-06
1.666151e-06
1.841571e-05
2.146541e-05
2.638365e-06
2.028902e-06
1.180610e-06
