3.535540e+00
9.582415e-01
3.987094e-01
4.172246e-01
2.351146e-01
1.227769e-01
7.986006e-02
8.265177e-01
6.721237e-02
8.821878e-02
3.973959e-02
2.992268e-02
3.239210e-02
1.100993e-01
3.809530e-02
5.546972e-02
7.648080e-02
1.855294e-02
1.584401e-02
2.710625e-02
1.195912e-02
2.646223e-01
1.337364e-02
4.697906e-02
1.865118e-02
1.723757e-02
4.646945e-02
8.251391e-03
3.685029e-02
7.310313e-03
2.507292e-02
6.557556e-03
5.114319e-02
1.080913e-02
1.603615e-02
9.842201e-03
5.959286e-03
6.946499e-03
6.899043e-03
6.448737e-03
8.416724e-03
1.162363e-02
8.537431e-03
5.213541e-03
2.675014e-02
2.075078e-02
4.015678e-03
5.104955e-03
4.355902e-03
6.307151e-02
3.167544e-03
3.268664e-02
1.042599e-02
2.412627e-03
3.457167e-03
1.946768e-02
7.053746e-03
2.683408e-03
2.502098e-03
3.085127e-03
1.745111e-02
6.636072e-03
3.232952e-03
2.215312e-02
7.872652e-03
3.640870e-03
2.230451e-03
2.855033e-03
3.659940e-03
3.921956e-03
5.440913e-02
1.955079e-03
4.858672e-03
2.023233e-03
1.735915e-03
1.388817e-03
3.523331e-03
1.267026e-02
3.325695e-02
1.028652e-03
3.461849e-03
5.122259e-03
2.991531e-03
1.715716e-03
6.355819e-03
3.437179e-03
1.419157e-03
4.964239e-03
2.836858e-03
1.779286e-03
1.203255e-03
8.599492e-03
7.877531e-04
8.255088e-03
8.443962e-04
2.381374e-03
1.806546e-03
8.385099e-04
1.250405e-02
7.620917e-03
1.092131e-03
1.167231e-03
8.706582e-04
9.245114e-04
1.607705e-02
2.462161e-03
1.631202e-03
5.225156e-04
1.233695e-03
1.799192e-03
1.761560e-03
5.485356e-04
2.163024e-03
9.837735e-04
5.480008e-03
8.243996e-04
5.902041e-04
5.980185e-04
3.973890e-04
1.047774e-03
1.318027e-03
1.515934e-03
3.495301e-03
9.110122e-04
8.812281e-04
6.517900e-04
1.532522e-03
3.984358e-04
5.447674e-04
8.914414e-04
2.367901e-04
6.618427e-03
8.314271e-04
3.518417e-03
4.000050e-04
3.112379e-04
3.464111e-04
2.720095e-04
2.697436e-03
9.369321e-03
3.669181e-03
2.096658e-03
5.119555e-04
1.894617e-04
3.464762e-04
2.518455e-04
8.925037e-03
2.729709e-04
4.776750e-04
4.010682e-04
2.264062e-04
3.076535e-04
8.371247e-04
1.220147e-03
2.536433e-04
3.707852e-04
8.749534e-04
7.320434e-04
9.469509e-04
3.079642e-04
2.010991e-04
1.914289e-04
2.355018e-04
7.879677e-04
1.497655e-04
1.844448e-04
2.146982e-04
6.492295e-04
9.063750e-04
1.037141e-04
2.803436e-04
9.187122e-05
1.790264e-04
2.727883e-03
8.721242e-05
1.623612e-03
3.974201e-04
1.175701e-04
2.296268e-04
2.136766e-04
3.726493e-04
1.677173e-04
1.542478e-04
1.852242e-04
8.348058e-05
1.318160e-03
1.501654e-04
1.246369e-03
4.654703e-05
1.643983e-04
1.163001e-04
1.566192e-04
1.199994e-04
1.682128e-04
1.500898e-04
1.087852e-04
6.722345e-05
8.610070e-05
8.933901e-05
9.171203e-05
2.220791e-04
6.110222e-05
1.376706e-04
7.499617e-05
4.253900e-05
9.999601e-05
1.187514e-04
6.625138e-05
1.426298e-03
4.478882e-05
7.413359e-05
5.627713e-05
2.259194e-04
3.677847e-05
2.868974e-04
4.998980e-05
3.207445e-05
1.681287e-04
2.334494e-05
7.872930e-05
3.949292e-04
3.065033e-04
1.368736e-04
3.725357e-05
3.444604e-05
2.840281e-05
4.925875e-05
6.647255e-04
2.019425e-05
1.348554e-04
4.537547e-05
1.076472e-04
4.928587e-05
1.982045e-05
2.287429e-04
5.306632e-05
8.773559e-05
9.152392e-05
2.443458e-05
1.695400e-05
3.153752e-05
1.889825e-04
3.193551e-05
2.731490e-05
5.099281e-05
2.172109e-04
1.317597e-05
1.027025e-04
2.985346e-05
1.497345e-05
1.962953e-05
3.511391e-05
2.805503e-05
3.562825e-05
9.489533e-05
4.602844e-05
9.358969e-06
1.377277e-04
4.225752e-05
9.354485e-06
3.471379e-05
1.271876e-04
9.143699e-06
1.414723e-05
2.268268e-05
1.932829e-05
1.077779e-05
1.836816e-05
7.342370e-06
6.854710e-05
3.586795e-05
3.856977e-05
1.591755e-05
1.317415e-05
8.043699e-05
5.931875e-06
1.720061e-05
1.372821e-05
5.835462e-06
8.176817e-06
1.291361e-05
4.536442e-05
1.208862e-05
2.641689e-05
1.058275e-05
6.819165e-06
7.100412e-06
4.263530e-06
8.508908e-05
9.560933e-06
5.745743e-06
9.235606e-06
2.988293e-05
6.050083e-06
1.623583e-05
3.758050e-06
2.178137e-05
5.917406e-06
1.475403e-05
3.580120e-06
7.749152e-06
5.686506e-05
5.293982e-06
2.700882e-05
3.323877e-05
1.205954e-05
7.019825e-06
2.001304e-06
4.728004e-05
1.102714e-05
2.747712e-06
6.168481e-06
2.351975e-05
4.035124e-06
2.914884e-06
2.272304e-06
2.752993e-06
1.703550e-05
3.067158e-06
1.918967e-06
2.494564e-05
3.418964e-05
2.037950e-05
3.693491e-06
4.718055e-06
4.231149e-06
2.645427e-06
1.643433e-06
2.429490e-05
1.366987e-06
6.455319e-06
2.132233e-06
5.415701e-06
7.492935e-06
1.410753e-06
1.749452e-06
1.057065e-06
2.658217e-06
3.412881e-06
5.310718e-06
1.476319e-05
1.220877e-06
2.693239e-06
6.677247e-07
1.325981e-06
1.160077e-05
1.553208e-06
8.989749e-06
2.509787e-06
5.761304e-06
7.509015e-07
2.580995e-06
1.516563e-06
2.074237e-06
2.045015e-06
3.232685e-06
1.016372e-06
4.818344e-07
4.330736e-06
5.283772e-06
6.173660e-06
1.386350e-06
9.859066e-06
6.908841e-07
8.520820e-07
5.124906e-07
1.262434e-06
2.275723e-06
1.431870e-06
4.388098e-06
5.924295e-07
7.533630e-07
4.457071e-06
8.793862e-07
1.542080e-06
6.491934e-06
3.565638e-07
